0.18698468804359436
0.2941696345806122
0.3607185184955597
0.4843934178352356
0.5270907282829285
0.5409305095672607
0.5918728113174438
0.5786219239234924
0.6051236987113953
0.6289752721786499
0.628386378288269
0.6693168878555298
0.6127797365188599
0.6628386378288269
0.6431095600128174
0.6802120208740234
0.6354535222053528
0.6301531195640564
0.6360424160957336
0.6737338304519653
0.6407538652420044
0.6607773900032043
0.5633097887039185
0.67756187915802
0.6454652547836304
0.6316254734992981
0.6551826000213623
0.5120730400085449
0.7014134526252747
0.6133686900138855
0.6548881530761719
0.6681390404701233
0.5270907282829285
0.6964075565338135
0.6401649117469788
0.6628386378288269
0.6861013174057007
0.5874558687210083
0.6731448769569397
0.6628386378288269
0.6861013174057007
0.7067137956619263
0.6472320556640625
0.6634275913238525
0.6943463087081909
0.6858068704605103
0.7190812826156616
0.666961133480072
0.6678445339202881
0.6969965100288391