0.3648410141468048
0.4923439621925354
0.5262073278427124
0.5497644543647766
0.5050058960914612
0.5547703504562378
0.5618374943733215
0.5014723539352417
0.5297408699989319
0.5747938752174377
0.43845701217651367
0.5962897539138794
0.5017668008804321
0.5518257021903992
0.4991166293621063
0.5777385234832764
0.5371025204658508
0.5612485408782959
0.49175503849983215
0.6113074421882629
0.49558305740356445
0.6216136813163757
0.42638400197029114
0.6195524334907532
0.5273851752281189
0.5918728113174438
0.5415194630622864
0.4829210937023163
0.6242638826370239
0.533863365650177
0.6233804821968079
0.5583038926124573
0.531507670879364
0.6292697787284851
0.5742049813270569
0.6319199204444885
0.5933451652526855
0.5447585582733154
0.629858672618866
0.5951119065284729
0.5974676609039307
0.6007067561149597
0.5527091026306152
0.5930506587028503
0.6086572408676147
0.6057126522064209
0.6077739000320435
0.5744994282722473
0.5895171165466309
0.6160188913345337