0.41077739000320435
0.5094228982925415
0.5229682326316833
0.5636042356491089
0.5818610191345215
0.6248527765274048
0.5974676609039307
0.5995289087295532
0.643698513507843
0.596878707408905
0.6151354908943176
0.630742073059082
0.6230860352516174
0.5665488839149475
0.617785632610321
0.5800942778587341
0.6610718965530396
0.5244405269622803
0.6242638826370239
0.5668433904647827
0.6386926174163818
0.562131941318512
0.560659646987915
0.6469376087188721
0.5733215808868408
0.679917573928833
0.5120730400085449
0.640459418296814
0.6319199204444885
0.5786219239234924
0.6757950782775879
0.5135453939437866
0.6481154561042786
0.6407538652420044
0.5803887248039246
0.6922850608825684
0.5403416156768799
0.5977621078491211
0.6737338304519653
0.5771496295928955
0.6934629082679749
0.6065959930419922
0.5518257021903992
0.6922850608825684
0.5954064130783081
0.6537102460861206
0.6575382947921753
0.5429917573928833
0.6784452795982361
0.6248527765274048