0.37603065371513367
0.5094228982925415
0.37603065371513367
0.3009423017501831
0.330683171749115
0.24793876707553864
0.2709069550037384
0.2446996569633484
0.4870435893535614
0.29770320653915405
0.2408716231584549
0.24823322892189026
0.22614842653274536
0.22997644543647766
0.24793876707553864
0.2370435893535614
0.22614842653274536
0.21584217250347137
0.21171967685222626
0.2317432314157486
0.2488221526145935
0.24440519511699677
0.22879859805107117
0.22555948793888092
0.21790342032909393
0.22290931642055511
0.2320377081632614
0.22879859805107117
0.22644288837909698
0.22938752174377441
0.22997644543647766
0.22732627391815186
0.20906950533390045
0.21967020630836487
0.21142521500587463
0.20936396718025208
0.1993521898984909
0.18992933630943298
0.18786808848381042
0.19051826000213623
0.18963487446308136
0.18698468804359436
0.1757950633764267
0.16872791945934296
0.16342756152153015
0.15518257021903992
0.15989400446414948
0.1587161421775818
0.1563604325056076
0.1613663136959076