0.40959954261779785
0.4151943624019623
0.4611307680606842
0.5312132239341736
0.5441696047782898
0.5718492865562439
0.5880447626113892
0.5889281630516052
0.5904005169868469
0.5933451652526855
0.599234402179718
0.5918728113174438
0.6469376087188721
0.528268575668335
0.6752061247825623
0.5853946208953857
0.6810954213142395
0.5379858613014221
0.6866902709007263
0.6363368630409241
0.6713781356811523
0.6478210091590881
0.5962897539138794
0.7123086452484131
0.6024734973907471
0.7261484265327454
0.5795053243637085
0.6805065274238586
0.6713781356811523
0.6354535222053528
0.7308598756790161
0.596878707408905
0.7011190056800842
0.6755006313323975
0.6607773900032043
0.7520613074302673
0.609835147857666
0.7140753865242004
0.7070083022117615
0.6737338304519653
0.7485277056694031
0.6439929604530334
0.6846290230751038
0.7343934178352356
0.6778563261032104
0.747644305229187
0.666961133480072
0.6896349191665649
0.7523557543754578
0.6899293661117554