0.3085983693599701
0.3421672582626343
0.4973498582839966
0.5141342878341675
0.5659599900245667
0.6074793934822083
0.5786219239234924
0.5842167735099792
0.6180801391601562
0.5892226099967957
0.6383981704711914
0.5942285060882568
0.6551826000213623
0.5974676609039307
0.6769729256629944
0.6169022917747498
0.6348645687103271
0.6489988565444946
0.6416372656822205
0.6681390404701233
0.6269140243530273
0.6634275913238525
0.6342756152153015
0.6672556400299072
0.6601884961128235
0.6401649117469788
0.6625441908836365
0.6354535222053528
0.6849234700202942
0.6587161421775818
0.6569494009017944
0.6537102460861206
0.6398704648017883
0.6858068704605103
0.6566548943519592
0.6628386378288269
0.6537102460861206
0.6607773900032043
0.6908127665519714
0.6651943922042847
0.651648998260498
0.6663722395896912
0.6416372656822205
0.7037691473960876
0.6702002882957458
0.6616607904434204
0.6934629082679749
0.6581272482872009
0.7002356052398682
0.6793286204338074